1160    ,W001    , 23.430417,121.348889,   96.00
1163    ,W002    , 23.991833,121.631278,   44.00
1239    ,W003    , 23.841944,121.507444,   70.00
1240    ,W004    , 23.405833,121.319972,  134.00
1241    ,W005    , 23.655000,121.419278,  131.00
1242    ,W006    , 23.904417,121.531556,   67.00
1243    ,W007    , 24.102778,121.606528,   41.00
1244    ,W008    , 23.935333,121.578333,   47.00
1245    ,W009    , 23.491389,121.390778,  198.00
1246    ,W00A    , 23.754167,121.468556,   99.00
1247    ,W00B    , 24.052278,121.608167,   35.00
1248    ,W00C    , 23.870444,121.508139,   63.00
1252    ,W00D    , 23.830167,121.473556,  130.00
1461    ,W00E    , 24.006861,121.619472,   30.00
1255    ,W00F    , 23.978000,121.616667,   23.00
1258    ,W010    , 23.336306,121.313389,  213.00
1259    ,W011    , 24.127638,121.651694,   54.00
1260    ,W012    , 24.206861,121.483056,  955.00
1261    ,W013    , 23.965194,121.494444,  180.00
1264    ,W014    , 24.127639,121.624750,   62.00
1265    ,W015    , 23.706194,121.412639,  111.00
1267    ,W016    , 23.440167,121.390639,  194.00
1269    ,W017    , 23.497333,121.445750,  150.00
1270    ,W018    , 23.468806,121.496806,   26.00
1271    ,W019    , 23.295722,121.267278,  213.00
1273    ,W01A    , 23.214528,121.279389,  248.00
1275    ,W01B    , 23.462028,121.495417,   86.00
1276    ,W01C    , 23.383167,121.358694,  240.00
1291    ,W01D    , 23.782278,121.564306,   41.00
1292    ,W01E    , 23.451528,121.392806,  121.00
1293    ,W01F    , 23.171583,121.247833,  253.00
1295    ,W020    , 23.278472,121.322528,  194.00
1297    ,W021    , 23.652083,121.535611,   26.00
1298    ,W022    , 23.867639,121.556806,   33.00
1466    ,W031    , 24.329139,121.739861,   56.00
1491    ,W032    , 24.471028,121.777667,   46.00
1493    ,W033    , 24.600639,121.529306,  336.00
1494    ,W034    , 24.936944,121.886528,   88.00
1496    ,W035    , 24.678722,121.608500,  111.00
1497    ,W036    , 24.822139,121.768722,   28.00
1498    ,W037    , 24.666083,121.651000,  110.00
1499    ,W038    , 24.521750,121.832472,   26.00
1500    ,W039    , 24.863111,121.827750,   80.00
1502    ,W03A    , 24.665750,121.827611,   12.00
1503    ,W03B    , 24.696583,121.811444,    7.00
1504    ,W03C    , 24.632639,121.789667,    4.00
1505    ,W03D    , 24.445222,121.777667,   41.00
1506    ,W03E    , 24.467028,121.801083,   50.00
1507    ,W03F    , 24.720361,121.688528,   55.00
1508    ,W040    , 24.609472,121.687139,  159.00
1289    ,W041    , 24.680833,121.762111,   41.00
1181    ,W042    , 24.748972,121.746917,   24.00
1509    ,W043    , 24.488056,121.425639,  875.00
1510    ,W044    , 24.758722,121.814889,    5.00
1512    ,W045    , 24.825472,121.820750,   23.00
1513    ,W046    , 24.779889,121.744278,   13.00
1514    ,W047    , 24.424722,121.366083,  339.00
1515    ,W048    , 24.579000,121.867861,   50.00
1516    ,W049    , 24.724389,121.762917,   51.00
1517    ,W04A    , 24.667806,121.712778,   52.00
1518    ,W04B    , 24.971417,121.927028,   98.00
1519    ,W04C    , 24.742500,121.790472,   13.00
1520    ,W04D    , 24.754000,121.754444,   19.00
1525    ,W04E    , 24.622056,121.834611,   21.00
1501    ,W04F    , 24.593278,121.842750,   13.00
1158    ,W051    , 22.884722,120.669111,  269.00 
1161    ,W052    , 22.884722,120.540917,  189.00 
1162    ,W053    , 23.177806,120.781972,  304.00
1164    ,W054    , 23.081972,120.592194,  603.00
1166    ,W055    , 22.883861,120.530889,  141.00
1167    ,W056    , 23.160750,120.765889,  620.00
1249    ,W057    , 22.910861,120.715333,  267.00
1250    ,W058    , 23.240639,120.696861,  600.00
1251    ,W059    , 22.996222,120.634000,  267.00
1253    ,W05A    , 23.031750,120.662083,  297.00
1257    ,W05B    , 22.885861,120.579833,  141.00
1262    ,W05C    , 23.105250,120.682528,  539.00
1266    ,W05D    , 23.251667,120.820972,  304.00
1081    ,W05E    , 22.811306,120.397667,  100.00
1084    ,W05F    , 22.730333,120.345639,  43.00
1182    ,W060    , 22.663222,120.361917,  31.00
1197    ,W061    , 22.888833,120.480139,  54.00
1256    ,W062    , 22.735139,120.326639,  43.00
1277    ,W063    , 22.811806,120.365361,  100.00
1282    ,W064    , 22.701639,120.348806,  46.00
1168    ,W071    , 23.980917,120.686278,  205.00
1169    ,W072    , 23.929972,120.990639,  927.00
1170    ,W073    , 23.640194,120.869556,  780.00
1171    ,W074    , 23.837444,120.902528,  745.00
1172    ,W075    , 23.551667,120.934389,  821.00
1173    ,W076    , 23.968083,121.108889,  930.00
1174    ,W077    , 23.768917,120.707611,  188.00
1175    ,W078    , 23.794111,120.942778,  393.00
1176    ,W079    , 23.890972,120.889528,  189.00
1177    ,W07A    , 23.736889,120.762472, 1194.00
1178    ,W07B    , 23.784889,120.864444,  392.00
1179    ,W07C    , 23.942528,120.926333,  491.00
1180    ,W07D    , 24.123917,121.159611,  471.00
1183    ,W07E    , 23.942056,120.702556,  182.00
1184    ,W07F    , 23.917056,121.044972,  927.00
1185    ,W080    , 23.643833,120.658472,  107.00
1186    ,W081    , 23.714250,120.654861,  119.00
1187    ,W082    , 23.711972,120.871500,  731.00
1188    ,W083    , 24.086333,121.217000, 1466.00
1189    ,W084    , 23.890500,120.966389,  663.00
1190    ,W085    , 23.931111,120.694056,  106.00
1191    ,W086    , 23.528028,120.856889, 1197.00
1192    ,W087    , 23.593694,120.887694,  780.00
1193    ,W088    , 24.024028,121.133139, 1465.00
1194    ,W089    , 23.678000,120.786778,  249.00
1195    ,W08A    , 23.870028,120.676444,  206.00
1196    ,W08B    , 23.699472,120.716889,  734.00
1272    ,W08C    , 23.905694,120.637750,  415.00
1274    ,W08D    , 23.925111,120.732250,  150.00
1279    ,W08E    , 23.809417,120.721167,  210.00
1280    ,W08F    , 23.904000,120.679629,  211.00
1281    ,W090    , 24.029944,120.920694,  475.00
1283    ,W091    , 24.011444,120.822389,  262.00
1284    ,W092    , 24.012556,120.957778,  468.00
1286    ,W093    , 24.063194,120.970000,  478.00
1287    ,W094    , 23.979583,120.698444,  177.00
1288    ,W095    , 23.841694,120.630639,  416.00
1290    ,W096    , 24.092333,120.887472,  381.00
1296    ,W097    , 23.941222,120.667861,  102.00
1087    ,W101    , 23.992333,121.610444,   17.00
1088    ,W102    , 23.941222,120.667861,  229.00
1107    ,W103    , 24.727833,121.163611,  270.00
1299    ,W104    , 22.647167,120.602278,   52.00
1300    ,W105    , 23.609639,120.569889,  184.00
1301    ,W106    , 24.597361,121.840139,   22.00
1294    ,W107    , 23.377139,120.565722,  362.00
1551    ,W111    , 22.807306,121.093167,  121.00
1552    ,W112    , 22.381833,120.856639,  483.00
1553    ,W113    , 22.969222,121.116972,  284.00
1555    ,W114    , 22.998278,121.285194,  92.00
1556    ,W115    , 22.613472,121.004444,  24.00
1557    ,W116    , 22.878194,121.227889,  89.00
1559    ,W117    , 23.412861,121.482028,  40.00
1561    ,W118    , 22.893583,121.063528,  241.00
1562    ,W119    , 22.383278,120.910944,  49.00
1563    ,W11A    , 23.325750,121.439639,  151.00
1564    ,W11B    , 22.364750,120.905500,  30.00
1565    ,W11C    , 22.294167,120.868222,  40.00
1566    ,W11D    , 22.698444,121.026127,  62.00
1567    ,W11E    , 22.462417,120.940806,  12.00
1568    ,W11F    , 22.532417,120.954333,  31.00
1569    ,W120    , 23.075028,121.352583,  69.00
1570    ,W121    , 23.191944,121.395861,  25.00
1571    ,W122    , 22.795250,121.193611,  38.00
1572    ,W123    , 22.747306,121.151444,  32.00
1573    ,W124    , 23.044833,121.146194,  302.00
1574    ,W125    , 22.898556,121.133333,  170.00
1576    ,W126    , 22.765500,121.062806,  105.00
1577    ,W127    , 22.860361,121.091972,  169.00
1578    ,W128    , 22.746833,121.137028,  33.00
1580    ,W129    , 22.477611,120.907528,  236.00
1560    ,W12A    , 23.131889,121.176833,  351.00
1579    ,W12B    , 22.727861,121.108417,  21.00
1554    ,W12C    , 23.169083,121.041028,  911.00
1575    ,W12D    , 23.186861,121.024833,  1037.00
1477    ,W131    , 22.591444,120.632472,  53.00
1521    ,W132    , 22.427194,120.628639,  33.00
1522    ,W133    , 22.702444,120.635556,  135.00
1526    ,W134    , 22.771139,120.496528,  55.00
1527    ,W135    , 22.667028,120.600139,  74.00
1528    ,W136    , 22.463472,120.622417,  33.00
1529    ,W137    , 21.943611,120.800972,  20.00
1531    ,W138    , 22.837878,120.638889,  214.00
1532    ,W139    , 22.862861,120.634528,  122.00
1533    ,W13A    , 22.547778,120.543167,  32.00
1534    ,W13B    , 22.528028,120.627528,  99.00
1535    ,W13C    , 22.743639,120.639139,  134.00
1536    ,W13D    , 22.129167,120.776361,  303.00
1537    ,W13E    , 22.024000,120.839667,  42.00
1538    ,W13F    , 22.022972,120.721000,  29.00
1539    ,W140    , 22.816806,120.640972,  163.00
1540    ,W141    , 22.630694,120.594028,  50.00
1541    ,W142    , 22.328222,120.622056,  62.00
1542    ,W143    , 22.005861,120.746333,  46.00
1543    ,W144    , 22.717194,120.486222,  57.00
1545    ,W145    , 22.765972,120.644639,  134.00
1546    ,W146    , 22.176306,120.837222,  302.00
1547    ,W147    , 22.072806,120.716000,  14.00
1548    ,W148    , 22.652639,120.639611,  70.00
1549    ,W149    , 22.370639,120.626667,  61.00
1550    ,W14A    , 22.124722,120.846278,  184.00
1511    ,W14B    , 22.235111,120.802972,  270.00
1461    ,W151    , 24.443917,120.874111,  254.00
1463    ,W152    , 24.573944,120.936528,  136.00
1465    ,W153    , 24.578139,120.849333,  38.00
1467    ,W154    , 24.498111,120.827917,  131.00
1469    ,W155    , 24.343750,120.766556,  374.00
1470    ,W156    , 24.422111,120.910444,  625.00
1471    ,W157    , 24.490167,120.789111,  169.00
1475    ,W158    , 24.707639,120.923750,  105.00
1476    ,W159    , 24.298167,120.849389,  358.00
1478    ,W15A    , 24.400806,120.894111,  382.00
1479    ,W15B    , 24.554278,120.812472,  96.00
1480    ,W15C    , 24.385250,120.970806,  380.00
1481    ,W15D    , 24.476556,120.891083,  132.00
1482    ,W15E    , 24.686667,120.960500,  105.00
1483    ,W15F    , 24.409472,120.765306,  337.00
1484    ,W160    , 24.544611,120.923500,  132.00
1485    ,W161    , 24.617250,120.946694,  104.00
1486    ,W162    , 24.382417,120.759472,  391.00
1487    ,W163    , 24.397167,120.868083,  381.00
1488    ,W164    , 24.600222,121.039750,  271.00
1489    ,W165    , 24.401500,120.765833,  340.00
1490    ,W166    , 24.604417,121.000722,  278.00
1492    ,W167    , 24.707639,120.895139,  52.00
1495    ,W168    , 24.359000,120.947444,  831.00
